Webots Project File version R2024a
perspectives: 000000ff00000000fd0000000300000000000001ca0000039ffc0200000001fb00000012005300630065006e0065005400720065006501000000000000039f0000000000000000000000010000027d000002ebfc0200000001fb0000001400540065007800740045006400690074006f00720000000015000002eb0000003f00ffffff0000000300000780000000dafc0100000002fb0000000e0043006f006e0073006f006c006501000001d0000005b00000000000000000fb0000001a0043006f006e0073006f006c00650041006c006c0041006c006c010000000000000780000000000000000000000780000003c700000004000000040000000100000008fc00000000
simulationViewPerspectives: 000000ff00000001000000020000016c000004a00100000002010000000101
sceneTreePerspectives: 000000ff0000000100000003000000220000030a000000fa0100000002010000000201
maximizedDockId: -1
centralWidgetVisible: 1
orthographicViewHeight: 1
textFiles: -1
renderingDevicePerspectives: LBRiiwa7R800:lbr_link_0:lbr_link_1:lbr_link_2:lbr_link_3:lbr_link_4:lbr_link_5:lbr_link_6:lbr_link_7:LBRiiwaGripper:link_main:link_camera_frame:IntelRealsenseD455:IntelRealsenseD455_depth;1;0.273638;0;0.589981
renderingDevicePerspectives: LBRiiwa7R800:lbr_link_0:lbr_link_1:lbr_link_2:lbr_link_3:lbr_link_4:lbr_link_5:lbr_link_6:lbr_link_7:LBRiiwaGripper:link_main:link_camera_frame:IntelRealsenseD455:IntelRealsenseD455_rgb;1;0.530475;0;0.209482
