Webots Project File version R2023b
perspectives: 000000ff00000000fd00000002000000010000011c000002f3fc0200000001fb0000001400540065007800740045006400690074006f00720100000016000002f30000004100ffffff0000000300000780000000d9fc0100000001fb0000001a0043006f006e0073006f006c00650041006c006c0041006c006c0100000000000007800000006900ffffff00000662000002f300000001000000020000000100000008fc00000000
simulationViewPerspectives: 000000ff000000010000000200000100000005620100000002010000000100
sceneTreePerspectives: 000000ff00000001000000030000001e000000c0000000fa0100000002010000000200
maximizedDockId: -1
centralWidgetVisible: 1
orthographicViewHeight: 1
textFiles: -1
consoles: Console:All:All
renderingDevicePerspectives: LBRiiwa7R800:lbr_link_0:lbr_link_1:lbr_link_2:lbr_link_3:lbr_link_4:lbr_link_5:lbr_link_6:lbr_link_7:LBRiiwaGripper:link_main:link_camera_frame:IntelRealsenseD455:IntelRealsenseD455_depth;0;0.671875;0;0
renderingDevicePerspectives: LBRiiwa7R800:lbr_link_0:lbr_link_1:lbr_link_2:lbr_link_3:lbr_link_4:lbr_link_5:lbr_link_6:lbr_link_7:LBRiiwaGripper:link_main:link_camera_frame:IntelRealsenseD455:IntelRealsenseD455_rgb;0;0.671875;0;0
